000000000000000000000000000000000
000000011111000011100000000000000
000111111111000011110011110000000
011111111111100011110011110011110
011111001111100011110011110011110
011111001111100011110011110011110
011111001111100011110011110011110
011111001111100011110011110011110
011111001111100011110011110011110
011111001111100011110011110011110
011111001111100011110011110011110
011111001111100011110011110011110
011111111111100011110011110011110
000111111111100011110011111110000
000000011111000011111100000000000
000000000000000000000000000000000

000000000000000000000000000000000
000000011111111111111111110000000
000001111100000000000001111100000
000111111000000000000000001111000
011111100111111111111110000011110
011100001111111111111111111111110
011100000111111111111111111111110
011110000000000000000001111111110
001111110000000000000000001111100
000011111111111111111110001110000
000000111100011111111100111000000
000000001111000000000011100000000
000000000011110000011110000000000
000000000000111111111000000000000
000000000000001111100000000000000
000000000000000000000000000000000